   Epoch(us)      Compute          MPI        Total
      0.0000 7290710227500 2936992556500 10227702784000
     10.0000 1626309197000 8613690803000 10240000000000
     20.0000 344492760000 9895507240000 10240000000000
     30.0000  25348227500 10214651772500 10240000000000
     40.0000  10000000000 10230000000000 10240000000000
     50.0000  10000000000 10230000000000 10240000000000
     60.0000  10000000000 10230000000000 10240000000000
     70.0000  10000000000 10230000000000 10240000000000
     80.0000  10000000000 10230000000000 10240000000000
     90.0000  10000000000 10230000000000 10240000000000
    100.0000  10000000000 10230000000000 10240000000000
    110.0000  10000000000 10230000000000 10240000000000
    120.0000  10000000000 10230000000000 10240000000000
    130.0000  10000000000 10230000000000 10240000000000
    140.0000  10000000000 10230000000000 10240000000000
    150.0000  10000000000 10230000000000 10240000000000
    160.0000  10000000000 10230000000000 10240000000000
    170.0000  10000000000 10230000000000 10240000000000
    180.0000  10000000000 10230000000000 10240000000000
    190.0000  10000000000 10230000000000 10240000000000
    200.0000  10000000000 10230000000000 10240000000000
    210.0000  10000000000 10230000000000 10240000000000
    220.0000  10000000000 10230000000000 10240000000000
    230.0000  10000000000 10230000000000 10240000000000
    240.0000  10000000000 10230000000000 10240000000000
    250.0000  10000000000 10230000000000 10240000000000
    260.0000  10000000000 10230000000000 10240000000000
    270.0000  10000000000 10230000000000 10240000000000
    280.0000  10000000000 10230000000000 10240000000000
    290.0000  10000000000 10230000000000 10240000000000
    300.0000  10000000000 10230000000000 10240000000000
    310.0000  10000000000 10230000000000 10240000000000
    320.0000  10000000000 10230000000000 10240000000000
    330.0000 1279998303063 8960001696937 10240000000000
    340.0000 10020371904930 219628095070 10240000000000
    350.0000 9960000000000 280000000000 10240000000000
    360.0000 9797938073572 442061926428 10240000000000
    370.0000 9229969351692 1010030648308 10240000000000
    380.0000 9035817468016 1204182531984 10240000000000
    390.0000 8794000987534 1445999012466 10240000000000
    400.0000 8613447595821 1626552404179 10240000000000
    410.0000 8412817073873 1827182926127 10240000000000
    420.0000 8231305195318 2008694804682 10240000000000
    430.0000 8045223708691 2194776291309 10240000000000
    440.0000 7746398890605 2493601109395 10240000000000
    450.0000 7444434034738 2795565965262 10240000000000
    460.0000 7237068731361 3002931268639 10240000000000
    470.0000 7016507239204 3223492760796 10240000000000
    480.0000 6648998870631 3591001129369 10240000000000
    490.0000 6320228514860 3919771485140 10240000000000
    500.0000 6037871524154 4202128475846 10240000000000
    510.0000 5770454811772 4469545188228 10240000000000
    520.0000 5469199469293 4770800530707 10240000000000
    530.0000 5157467689474 5082532310526 10240000000000
    540.0000 4856608090183 5383391909817 10240000000000
    550.0000 4316067092260 5923932907740 10240000000000
    560.0000 3818527441804 6421472558196 10240000000000
    570.0000 3165261906921 7074738093079 10240000000000
    580.0000 2610967639352 7629032360648 10240000000000
    590.0000 1768255046831 8471744953169 10240000000000
    600.0000 3154572613183 7085427386817 10240000000000
    610.0000 10168789893622  71210106378 10240000000000
    620.0000 9984589012022 255410987978 10240000000000
    630.0000 9954858327742 285141672258 10240000000000
    640.0000 9829225293008 410774706992 10240000000000
    650.0000 9664840241120 575159758880 10240000000000
    660.0000 9466251165375 773748834625 10240000000000
    670.0000 9179974200763 1060025799237 10240000000000
    680.0000 8989609559682 1250390440318 10240000000000
    690.0000 8796614209327 1443385790673 10240000000000
    700.0000 8567847602691 1672152397309 10240000000000
    710.0000 8328571081882 1911428918118 10240000000000
    720.0000 8110985241005 2129014758995 10240000000000
    730.0000 7866719108598 2373280891402 10240000000000
    740.0000 7618172347077 2621827652923 10240000000000
    750.0000 7374810037382 2865189962618 10240000000000
    760.0000 7069012983709 3170987016291 10240000000000
    770.0000 6777770761251 3462229238749 10240000000000
    780.0000 6498028895262 3741971104738 10240000000000
    790.0000 6050887590682 4189112409318 10240000000000
    800.0000 5606400865732 4633599134268 10240000000000
    810.0000 4984178036494 5255821963506 10240000000000
    820.0000 4478820024022 5761179975978 10240000000000
    830.0000 4061840561758 6178159438242 10240000000000
    840.0000 3576244453014 6663755546986 10240000000000
    850.0000 2902986042199 7337013957801 10240000000000
    860.0000 2088428645173 8151571354827 10240000000000
    870.0000 996956510345 9243043489655 10240000000000
    880.0000 8999417069383 1240582930617 10240000000000
    890.0000 8350579224403 1889420775597 10240000000000
    900.0000 10230000000000  10000000000 10240000000000
    910.0000 10230000000000  10000000000 10240000000000
    920.0000 10225700803893  14299196107 10240000000000
    930.0000 10220000000000  20000000000 10240000000000
    940.0000 10220000000000  20000000000 10240000000000
    950.0000 5221385493066 5018614506934 10240000000000
    960.0000 6873573072934 3366426927066 10240000000000
    970.0000 10230000000000  10000000000 10240000000000
    980.0000 10230000000000  10000000000 10240000000000
    990.0000 10230000000000  10000000000 10240000000000
   1000.0000 10230000000000  10000000000 10240000000000
   1010.0000 10230000000000  10000000000 10240000000000
   1020.0000 10225784773575  14215226425 10240000000000
   1030.0000 10220000000000  20000000000 10240000000000
   1040.0000 10220000000000  20000000000 10240000000000
   1050.0000 7932186261290 2307813738710 10240000000000
   1060.0000 4427487815603 5812512184397 10240000000000
   1070.0000 8502380028825 1737619971175 10240000000000
   1080.0000 10230000000000  10000000000 10240000000000
   1090.0000 10230000000000  10000000000 10240000000000
   1100.0000 10230000000000  10000000000 10240000000000
   1110.0000 10229083713507  10916286493 10240000000000
   1120.0000 10220000000000  20000000000 10240000000000
   1130.0000 10220000000000  20000000000 10240000000000
   1140.0000 8636379757114 1603620242886 10240000000000
   1150.0000 1384967558204 8855032441796 10240000000000
   1160.0000 10230000000000  10000000000 10240000000000
   1170.0000 10230000000000  10000000000 10240000000000
   1180.0000 10230000000000  10000000000 10240000000000
   1190.0000 10230000000000  10000000000 10240000000000
   1200.0000 10230000000000  10000000000 10240000000000
   1210.0000 10230000000000  10000000000 10240000000000
   1220.0000 10230000000000  10000000000 10240000000000
   1230.0000 10226777990172  13222009828 10240000000000
   1240.0000 10220000000000  20000000000 10240000000000
   1250.0000 10219632355509  20367644491 10240000000000
   1260.0000 7788184929711 2451815070289 10240000000000
   1270.0000 5167735899702 5072264100298 10240000000000
   1280.0000 5413503444761 4826496555239 10240000000000
   1290.0000 10230000000000  10000000000 10240000000000
   1300.0000 10230000000000  10000000000 10240000000000
   1310.0000 10230000000000  10000000000 10240000000000
   1320.0000 10230000000000  10000000000 10240000000000
   1330.0000 10222343117101  17656882899 10240000000000
   1340.0000 10220000000000  20000000000 10240000000000
   1350.0000 10216118873124  23881126876 10240000000000
   1360.0000 2101714447170 8138285552830 10240000000000
   1370.0000 9522312819651 717687180349 10240000000000
   1380.0000 10230000000000  10000000000 10240000000000
   1390.0000 10230000000000  10000000000 10240000000000
   1400.0000 10230000000000  10000000000 10240000000000
   1410.0000 10230000000000  10000000000 10240000000000
   1420.0000 10230000000000  10000000000 10240000000000
   1430.0000 10230000000000  10000000000 10240000000000
   1440.0000 10227824491631  12175508369 10240000000000
   1450.0000 10220000000000  20000000000 10240000000000
   1460.0000 10220000000000  20000000000 10240000000000
   1470.0000 8516749168836 1723250831164 10240000000000
   1480.0000 5293171790529 4946828209471 10240000000000
   1490.0000 5096303525070 5143696474930 10240000000000
   1500.0000 10230000000000  10000000000 10240000000000
   1510.0000 10230000000000  10000000000 10240000000000
   1520.0000 10230000000000  10000000000 10240000000000
   1530.0000 10230000000000  10000000000 10240000000000
   1540.0000 10230000000000  10000000000 10240000000000
   1550.0000 10228616063517  11383936483 10240000000000
   1560.0000 10220000000000  20000000000 10240000000000
   1570.0000 10220000000000  20000000000 10240000000000
   1580.0000 7418470609624 2821529390376 10240000000000
   1590.0000 1172042149475 9067957850525 10240000000000
   1600.0000 10230000000000  10000000000 10240000000000
   1610.0000 10230000000000  10000000000 10240000000000
   1620.0000 10230000000000  10000000000 10240000000000
   1630.0000 10230000000000  10000000000 10240000000000
   1640.0000 10230000000000  10000000000 10240000000000
   1650.0000 10230000000000  10000000000 10240000000000
   1660.0000 10230000000000  10000000000 10240000000000
   1670.0000 10230000000000  10000000000 10240000000000
   1680.0000 10230000000000  10000000000 10240000000000
   1690.0000 10220501226620  19498773380 10240000000000
   1700.0000 10220000000000  20000000000 10240000000000
   1710.0000 9445769163428 794230836572 10240000000000
   1720.0000 5579766990808 4660233009192 10240000000000
   1730.0000 3160812068932 7079187931068 10240000000000
   1740.0000 8682541054501 1557458945499 10240000000000
   1750.0000 10230000000000  10000000000 10240000000000
   1760.0000 10230000000000  10000000000 10240000000000
   1770.0000 10230000000000  10000000000 10240000000000
   1780.0000 10230000000000  10000000000 10240000000000
   1790.0000 10230000000000  10000000000 10240000000000
   1800.0000 10224259148004  15740851996 10240000000000
   1810.0000 10220000000000  20000000000 10240000000000
   1820.0000 10217039848676  22960151324 10240000000000
   1830.0000 5218998602414 5021001397586 10240000000000
   1840.0000 1720130829579 8519869170421 10240000000000
   1850.0000 10138661677855 101338322145 10240000000000
   1860.0000 10230000000000  10000000000 10240000000000
   1870.0000 10230000000000  10000000000 10240000000000
   1880.0000 10230000000000  10000000000 10240000000000
   1890.0000 10230000000000  10000000000 10240000000000
   1900.0000 10230000000000  10000000000 10240000000000
   1910.0000 10223023043180  16976956820 10240000000000
   1920.0000 10220000000000  20000000000 10240000000000
   1930.0000 10215567461806  24432538194 10240000000000
   1940.0000 8424838393064 1815161606936 10240000000000
   1950.0000 4151230623695 6088769376305 10240000000000
   1960.0000 10227601366960  12398633040 10240000000000
   1970.0000 10230000000000  10000000000 10240000000000
   1980.0000 10230000000000  10000000000 10240000000000
   1990.0000 10230000000000  10000000000 10240000000000
   2000.0000 10230000000000  10000000000 10240000000000
   2010.0000 10230000000000  10000000000 10240000000000
   2020.0000 10230000000000  10000000000 10240000000000
   2030.0000 10226998554746  13001445254 10240000000000
   2040.0000 10220000000000  20000000000 10240000000000
   2050.0000 10220000000000  20000000000 10240000000000
   2060.0000 7045515126655 3194484873345 10240000000000
   2070.0000 2760757127107 7479242872893 10240000000000
   2080.0000 5326401909036 4913598090964 10240000000000
   2090.0000 10230000000000  10000000000 10240000000000
   2100.0000 10230000000000  10000000000 10240000000000
   2110.0000 10230000000000  10000000000 10240000000000
   2120.0000 10230000000000  10000000000 10240000000000
   2130.0000 10230000000000  10000000000 10240000000000
   2140.0000 10230000000000  10000000000 10240000000000
   2150.0000 10230000000000  10000000000 10240000000000
   2160.0000 10220455721641  19544278359 10240000000000
   2170.0000 10220000000000  20000000000 10240000000000
   2180.0000 10167255401539  72744598461 10240000000000
   2190.0000 8367273489247 1872726510753 10240000000000
   2200.0000 5047101006885 5192898993115 10240000000000
   2210.0000 9092201898356 1147798101644 10240000000000
   2220.0000 10230000000000  10000000000 10240000000000
   2230.0000 10230000000000  10000000000 10240000000000
   2240.0000 10230000000000  10000000000 10240000000000
   2250.0000 10230000000000  10000000000 10240000000000
   2260.0000 10230000000000  10000000000 10240000000000
   2270.0000 10230000000000  10000000000 10240000000000
   2280.0000 10229958742700  10041257300 10240000000000
   2290.0000 10220000000000  20000000000 10240000000000
   2300.0000 10220000000000  20000000000 10240000000000
   2310.0000 7801937662441 2438062337559 10240000000000
   2320.0000 2757956809366 7482043190634 10240000000000
   2330.0000 4296269979917 5943730020083 10240000000000
   2340.0000 10230000000000  10000000000 10240000000000
   2350.0000 10230000000000  10000000000 10240000000000
   2360.0000 10230000000000  10000000000 10240000000000
   2370.0000 10230000000000  10000000000 10240000000000
   2380.0000 10230000000000  10000000000 10240000000000
   2390.0000 10230000000000  10000000000 10240000000000
   2400.0000 10230000000000  10000000000 10240000000000
   2410.0000 10223120936628  16879063372 10240000000000
   2420.0000 10220000000000  20000000000 10240000000000
   2430.0000 10217191069409  22808930591 10240000000000
   2440.0000 8539467236550 1700532763450 10240000000000
   2450.0000 5943738918046 4296261081954 10240000000000
   2460.0000 7849657358923 2390342641077 10240000000000
   2470.0000 10230000000000  10000000000 10240000000000
   2480.0000 10230000000000  10000000000 10240000000000
   2490.0000 10230000000000  10000000000 10240000000000
   2500.0000 10230000000000  10000000000 10240000000000
   2510.0000 10230000000000  10000000000 10240000000000
   2520.0000 10230000000000  10000000000 10240000000000
   2530.0000 10230000000000  10000000000 10240000000000
   2540.0000 10230000000000  10000000000 10240000000000
   2550.0000 10221893477955  18106522045 10240000000000
   2560.0000 10220000000000  20000000000 10240000000000
   2570.0000 10163441487551  76558512449 10240000000000
   2580.0000 4162463137978 6077536862022 10240000000000
   2590.0000 2396197589973 7843802410027 10240000000000
   2600.0000 6756378986965 3483621013035 10240000000000
   2610.0000 10230000000000  10000000000 10240000000000
   2620.0000 10230000000000  10000000000 10240000000000
   2630.0000 10230000000000  10000000000 10240000000000
   2640.0000 10230000000000  10000000000 10240000000000
   2650.0000 10230000000000  10000000000 10240000000000
   2660.0000 10230000000000  10000000000 10240000000000
   2670.0000 10230000000000  10000000000 10240000000000
   2680.0000 10230000000000  10000000000 10240000000000
   2690.0000 10224066245601  15933754399 10240000000000
   2700.0000 10220000000000  20000000000 10240000000000
   2710.0000 10218358525166  21641474834 10240000000000
   2720.0000 8746072775762 1493927224238 10240000000000
   2730.0000 7602217706609 2637782293391 10240000000000
   2740.0000 5119102952785 5120897047215 10240000000000
   2750.0000 10230000000000  10000000000 10240000000000
   2760.0000 10230000000000  10000000000 10240000000000
   2770.0000 10230000000000  10000000000 10240000000000
   2780.0000 10230000000000  10000000000 10240000000000
   2790.0000 10222709520169  17290479831 10240000000000
   2800.0000 10220000000000  20000000000 10240000000000
   2810.0000 10216819290605  23180709395 10240000000000
   2820.0000 2599916271419 7640083728581 10240000000000
   2830.0000 7289339908051 2950660091949 10240000000000
   2840.0000 10230000000000  10000000000 10240000000000
   2850.0000 10230000000000  10000000000 10240000000000
   2860.0000 10230000000000  10000000000 10240000000000
   2870.0000 10230000000000  10000000000 10240000000000
   2880.0000 10230000000000  10000000000 10240000000000
   2890.0000 10230000000000  10000000000 10240000000000
   2900.0000 10229760683665  10239316335 10240000000000
   2910.0000 10220000000000  20000000000 10240000000000
   2920.0000 10220000000000  20000000000 10240000000000
   2930.0000 9452584791648 787415208352 10240000000000
   2940.0000 5463584267783 4776415732217 10240000000000
   2950.0000 3395047023839 6844952976161 10240000000000
   2960.0000 10230000000000  10000000000 10240000000000
   2970.0000 10230000000000  10000000000 10240000000000
   2980.0000 10230000000000  10000000000 10240000000000
   2990.0000 10230000000000  10000000000 10240000000000
   3000.0000 10226958829476  13041170524 10240000000000
   3010.0000 10220000000000  20000000000 10240000000000
   3020.0000 10220000000000  20000000000 10240000000000
   3030.0000 5898289828378 4341710171622 10240000000000
   3040.0000 4394549108659 5845450891341 10240000000000
   3050.0000 10230000000000  10000000000 10240000000000
   3060.0000 10230000000000  10000000000 10240000000000
   3070.0000 10230000000000  10000000000 10240000000000
   3080.0000 10230000000000  10000000000 10240000000000
   3090.0000 10230000000000  10000000000 10240000000000
   3100.0000 10230000000000  10000000000 10240000000000
   3110.0000 10230000000000  10000000000 10240000000000
   3120.0000 10222260655008  17739344992 10240000000000
   3130.0000 10220000000000  20000000000 10240000000000
   3140.0000 10200324811433  39675188567 10240000000000
   3150.0000 6362299996448 3877700003552 10240000000000
   3160.0000 3795019503774 6444980496226 10240000000000
   3170.0000 8180943494612 2059056505388 10240000000000
   3180.0000 10230000000000  10000000000 10240000000000
   3190.0000 10230000000000  10000000000 10240000000000
   3200.0000 10230000000000  10000000000 10240000000000
   3210.0000 10230000000000  10000000000 10240000000000
   3220.0000 10230000000000  10000000000 10240000000000
   3230.0000 10224558077519  15441922481 10240000000000
   3240.0000 10220000000000  20000000000 10240000000000
   3250.0000 10219715127051  20284872949 10240000000000
   3260.0000 3516839645462 6723160354538 10240000000000
   3270.0000 5337621522164 4902378477836 10240000000000
   3280.0000 10230000000000  10000000000 10240000000000
   3290.0000 10230000000000  10000000000 10240000000000
   3300.0000 10230000000000  10000000000 10240000000000
   3310.0000 10230000000000  10000000000 10240000000000
   3320.0000 10230000000000  10000000000 10240000000000
   3330.0000 10230000000000  10000000000 10240000000000
   3340.0000 10230000000000  10000000000 10240000000000
   3350.0000 10230000000000  10000000000 10240000000000
   3360.0000 10223873756101  16126243899 10240000000000
   3370.0000 10220000000000  20000000000 10240000000000
   3380.0000 10219970908098  20029091902 10240000000000
   3390.0000 7457179534669 2782820465331 10240000000000
   3400.0000 5237278575693 5002721424307 10240000000000
   3410.0000 948569127321 6161542211144 7110111338465
   3420.0000  10000000000            0  10000000000
   3430.0000  10000000000            0  10000000000
   3440.0000  10000000000            0  10000000000
   3450.0000  10000000000            0  10000000000
   3460.0000  10000000000            0  10000000000
   3470.0000  10000000000            0  10000000000
   3480.0000     43314443            0     43314443
